Instance    Solved    Time    Nodes-Expanded    Distance
-----------------------------------------------------------------------------
9 14 1 7 3 6 10 5 4 2 12 15 11 8 0 13 16    True    130138    60082    12
13 12 11 1 14 2 3 10 9 7 6 8 4 15 5 0 16    True    71862    34899    11
0 10 3 7 6 5 12 9 8 13 14 1 4 11 2 15 16    True    32439    12759    11
9 10 13 12 2 3 11 1 14 15 7 6 5 4 8 0 16    True    40749    18142    11
13 1 2 6 14 3 7 9 5 4 10 11 12 15 0 8 16    True    16695    9043    11
13 6 5 0 2 1 12 11 3 15 8 7 9 10 14 4 16    True    29906    13000    11
13 1 15 14 3 4 0 7 6 5 12 2 8 9 10 11 16    True    48467    20320    11
6 7 12 10 9 14 2 15 8 0 1 11 13 5 4 3 16    True    8226    3400    11
5 12 14 7 8 11 13 15 1 2 3 4 0 9 10 6 16    True    44578    22941    11
1 14 2 4 0 5 6 7 8 9 10 3 13 12 11 15 16    True    1745    782    9
