Instance    Solved    Time    Nodes-Expanded    Distance
-----------------------------------------------------------------------------
7 5 8 0 12 4 10 11 6 2 1 3 9 13    True    322976    134963    13
10 5 9 3 2 6 1 8 11 7 4 12 0 13    True    67548    26165    12
3 7 12 5 1 10 4 9 11 2 8 0 6 13    True    169672    64734    13
2 12 5 4 6 10 0 8 3 1 11 7 9 13    True    30671    11111    12
12 9 4 7 3 11 8 5 1 6 10 2 0 13    True    61657    22924    12
9 4 11 12 5 8 6 10 0 2 3 1 7 13    True    19836    7486    11
3 9 11 8 0 7 12 5 1 2 4 10 6 13    True    149164    60296    12
11 3 6 10 12 8 2 7 1 9 0 5 4 13    True    43453    17518    12
9 5 7 6 2 12 1 3 11 4 10 8 0 13    True    11047    3876    12
3 9 2 6 0 7 10 4 5 12 1 8 11 13    True    155745    62087    13
