Instance    Solved    Time    Nodes-Expanded    Distance
-----------------------------------------------------------------------------
7 5 2 9 4 8 0 10 6 1 3 11    True    184606    97950    52
6 2 7 4 1 10 0 9 8 3 5 11    True    1087765    584081    61
6 7 0 3 10 4 8 9 5 1 2 11    True    109057    59297    49
8 10 6 3 1 2 4 7 0 5 9 11    True    2874882    1543468    64
9 7 2 1 10 6 8 0 4 5 3 11    True    254502    140317    50
3 10 4 2 7 5 6 9 0 1 8 11    True    193386    103057    52
10 0 5 4 1 9 8 7 3 6 2 11    True    3001    1804    34
2 3 7 10 6 0 5 9 1 8 4 11    True    20106    11204    44
1 5 6 4 10 0 9 8 7 2 3 11    True    157000    86123    50
9 7 0 10 4 6 5 8 2 3 1 11    True    124865    60770    49
