Instance    Solved    Time    Nodes-Expanded    Distance
-----------------------------------------------------------------------------
8 4 5 10 9 7 0 1 2 3 6 11    True    455    129    20
8 4 3 2 9 5 6 10 1 0 7 11    True    385    160    20
0 1 2 9 4 5 7 8 3 6 10 11    True    285    95    20
8 7 1 0 4 5 6 9 2 3 10 11    True    381    132    20
0 10 9 2 1 6 7 3 4 5 8 11    True    238    118    20
8 3 2 10 9 4 1 7 6 5 0 11    True    323    161    20
7 6 9 8 0 2 10 1 5 4 3 11    True    297    128    20
1 5 4 3 2 0 8 10 9 7 6 11    True    295    134    20
0 1 5 3 8 7 6 4 10 9 2 11    True    229    109    20
0 7 6 2 1 8 5 10 9 3 4 11    True    218    105    20
