Instance    Solved    Time    Nodes-Expanded    Distance
-----------------------------------------------------------------------------
5 4 0 9 1 8 6 10 2 3 7 11    True    22597    12387    39
8 3 1 6 10 9 4 7 5 2 0 11    True    22633    9022    43
5 1 8 6 3 2 0 4 7 10 9 11    True    27842    14581    43
1 3 7 2 4 0 8 10 6 5 9 11    True    225754    120233    53
5 1 6 0 7 3 8 10 4 2 9 11    True    832761    446724    60
0 6 5 1 2 9 4 8 3 7 10 11    True    18058    10154    44
9 10 8 3 4 1 2 5 0 6 7 11    True    159133    84192    51
6 2 4 0 8 3 10 9 7 5 1 11    True    293058    150834    54
4 10 9 2 6 8 0 1 5 3 7 11    True    203487    105800    52
10 7 0 2 1 6 4 5 8 9 3 11    True    10351    5949    37
