Instance    Solved    Time    Nodes-Expanded    Distance
-----------------------------------------------------------------------------
0 7 3 5 4 9 10 8 6 1 2 11    True    144490    73345    49
6 7 4 3 5 2 1 0 9 8 10 11    True    3853    2373    35
8 5 7 4 9 1 0 2 3 10 6 11    True    1047828    557972    59
10 1 5 4 3 0 8 9 7 6 2 11    True    203778    114001    46
10 4 1 0 2 8 6 5 9 7 3 11    True    18648    10079    42
9 0 7 10 4 8 2 6 1 3 5 11    True    2274595    1221285    66
3 0 6 7 8 1 5 4 10 2 9 11    True    2923    1723    35
7 5 4 8 6 10 3 9 1 0 2 11    True    15006    8295    41
9 6 10 3 1 7 4 0 8 5 2 11    True    360653    190620    57
5 8 3 2 6 10 0 9 7 1 4 11    True    100248    53606    49
