Instance    Solved    Time    Nodes-Expanded    Distance
-----------------------------------------------------------------------------
5 4 0 9 1 8 6 10 2 3 7 11    True    144    26    7
8 3 1 6 10 9 4 7 5 2 0 11    True    59    18    8
5 1 8 6 3 2 0 4 7 10 9 11    True    271    58    8
1 3 7 2 4 0 8 10 6 5 9 11    True    117    35    9
5 1 6 0 7 3 8 10 4 2 9 11    True    44    16    9
0 6 5 1 2 9 4 8 3 7 10 11    True    40    14    8
9 10 8 3 4 1 2 5 0 6 7 11    True    108    35    9
6 2 4 0 8 3 10 9 7 5 1 11    True    679    226    10
4 10 9 2 6 8 0 1 5 3 7 11    True    205    73    9
10 7 0 2 1 6 4 5 8 9 3 11    True    121    44    8
