Instance    Solved    Time    Nodes-Expanded    Distance
-----------------------------------------------------------------------------
0 7 3 5 4 9 10 8 6 1 2 11    True    387    71    9
6 7 4 3 5 2 1 0 9 8 10 11    True    18    7    7
8 5 7 4 9 1 0 2 3 10 6 11    True    605    161    9
10 1 5 4 3 0 8 9 7 6 2 11    True    164    55    8
10 4 1 0 2 8 6 5 9 7 3 11    True    10    7    7
9 0 7 10 4 8 2 6 1 3 5 11    True    181    58    9
3 0 6 7 8 1 5 4 10 2 9 11    True    11    7    7
7 5 4 8 6 10 3 9 1 0 2 11    True    35    15    8
9 6 10 3 1 7 4 0 8 5 2 11    True    374    122    9
5 8 3 2 6 10 0 9 7 1 4 11    True    173    61    9
