Instance    Solved    Time    Nodes-Expanded    Distance
-----------------------------------------------------------------------------
3 4 5 10 6 0 2 8 7 9 1 11    True    139    28    8
9 8 7 2 3 4 5 6 10 1 0 11    True    17    4    4
4 8 1 9 10 0 3 5 6 7 2 11    True    26    12    8
0 10 9 8 7 5 2 1 4 3 6 11    True    17    7    7
8 9 2 6 0 5 4 10 7 3 1 11    True    77    23    8
8 1 2 7 3 0 5 4 9 10 6 11    True    61    19    8
3 2 5 4 0 8 9 1 6 7 10 11    True    9    4    4
4 3 2 7 6 5 0 9 1 10 8 11    True    206    68    8
1 3 10 9 7 8 2 6 5 4 0 11    True    14    7    7
1 9 8 7 0 6 10 5 3 4 2 11    True    14    8    8
