Instance    Solved    Time    Nodes-Expanded    Distance
-----------------------------------------------------------------------------
7 5 2 9 4 8 0 10 6 1 3 11    True    89    17    8
6 2 7 4 1 10 0 9 8 3 5 11    True    326    65    9
6 7 0 3 10 4 8 9 5 1 2 11    True    80    21    8
8 10 6 3 1 2 4 7 0 5 9 11    True    589    169    10
9 7 2 1 10 6 8 0 4 5 3 11    True    153    46    8
3 10 4 2 7 5 6 9 0 1 8 11    True    93    30    8
10 0 5 4 1 9 8 7 3 6 2 11    True    22    10    7
2 3 7 10 6 0 5 9 1 8 4 11    True    89    26    8
1 5 6 4 10 0 9 8 7 2 3 11    True    65    23    8
9 7 0 10 4 6 5 8 2 3 1 11    True    24    11    8
