Instance    Solved    Time    Nodes-Expanded    Distance
-----------------------------------------------------------------------------
8 4 5 10 9 7 0 1 2 3 6 11    True    28    5    5
8 4 3 2 9 5 6 10 1 0 7 11    True    16    5    5
0 1 2 9 4 5 7 8 3 6 10 11    True    12    5    5
8 7 1 0 4 5 6 9 2 3 10 11    True    15    6    5
0 10 9 2 1 6 7 3 4 5 8 11    True    14    5    5
8 3 2 10 9 4 1 7 6 5 0 11    True    23    8    5
7 6 9 8 0 2 10 1 5 4 3 11    True    13    5    5
1 5 4 3 2 0 8 10 9 7 6 11    True    13    5    5
0 1 5 3 8 7 6 4 10 9 2 11    True    15    5    5
0 7 6 2 1 8 5 10 9 3 4 11    True    13    5    5
