Instance    Solved    Time    Nodes-Expanded    Distance
-----------------------------------------------------------------------------
4 5 6 7 8 9 10 11 12 15 3 0 13 14 2 1 16    True    1377    549    19
12 11 10 0 13 14 15 1 2 3 4 7 8 9 5 6 16    True    303    89    12
0 1 4 5 9 8 11 10 6 14 13 12 7 15 2 3 16    True    256    68    15
15 3 2 1 14 4 5 10 11 7 6 13 12 8 9 0 16    True    687    243    20
9 8 14 15 13 12 10 0 1 2 3 4 5 6 7 11 16    True    646    289    20
15 14 1 0 2 3 4 5 10 11 7 6 9 8 12 13 16    True    827    342    20
15 14 1 0 2 3 4 5 6 7 8 9 10 11 12 13 16    True    44    20    9
0 3 4 5 6 7 8 9 2 13 14 10 1 11 12 15 16    True    865    325    20
0 1 2 3 8 6 5 4 13 14 7 9 10 12 11 15 16    True    842    336    19
3 7 6 5 10 9 8 4 14 13 12 11 0 1 2 15 16    True    417    144    16
