Instance    Solved    Time    Nodes-Expanded    Distance
-----------------------------------------------------------------------------
2 1 11 8 12 4 3 7 6 5 0 10 9 13    True    896408    257419    55
6 10 12 5 4 8 7 0 9 3 1 11 2 13    True    41393709    12139643    72
8 11 0 2 4 1 12 6 9 3 5 7 10 13    True    81544755    23568428    77
3 6 11 8 5 12 7 0 9 1 4 2 10 13    True    20516463    5869067    71
5 7 12 6 0 3 9 8 1 2 10 4 11 13    True    2943537    829328    59
7 4 12 11 0 3 8 9 2 6 1 10 5 13    True    4771916    1370890    61
3 6 12 2 8 1 7 5 9 0 4 11 10 13    True    925835    260796    57
2 1 7 6 4 0 11 5 8 9 12 10 3 13    True    12499017    3603418    65
10 11 3 2 5 9 8 7 12 6 0 4 1 13    True    483171    132385    50
0 11 9 12 8 7 4 1 2 5 3 10 6 13    True    21954300    6454387    69
