Instance    Solved    Time    Nodes-Expanded    Distance
-----------------------------------------------------------------------------
12 7 1 2 3 11 10 5 4 8 9 6 0 13    True    931    222    20
8 7 6 9 12 11 0 10 1 2 3 4 5 13    True    490    170    20
10 9 2 12 4 3 1 11 5 6 7 8 0 13    True    427    147    20
6 7 3 8 4 5 0 10 9 12 11 1 2 13    True    320    99    20
0 1 5 10 9 2 6 4 3 8 7 11 12 13    True    706    257    19
0 7 1 11 12 8 5 4 3 2 6 10 9 13    True    566    210    20
5 6 2 1 4 8 9 10 11 12 0 7 3 13    True    637    216    20
6 11 0 1 2 3 4 7 8 12 5 10 9 13    True    722    195    20
9 8 11 1 2 3 10 6 5 4 0 7 12 13    True    667    221    17
3 4 1 0 5 6 7 10 11 12 8 9 2 13    True    782    239    20
