Instance    Solved    Time    Nodes-Expanded    Distance
-----------------------------------------------------------------------------
9 7 1 0 3 4 5 10 2 6 12 8 11 13    True    1615008    607407    60
4 5 6 3 10 11 1 7 8 9 2 12 0 13    True    594465    231228    52
4 9 10 1 5 8 11 12 2 3 7 6 0 13    True    67238    24224    42
9 5 3 11 10 6 0 4 7 1 2 12 8 13    True    384431    149988    51
4 10 2 5 6 7 0 12 11 9 3 8 1 13    True    2527419    965654    61
9 6 11 3 1 0 12 7 8 2 10 5 4 13    True    687551    258989    56
7 3 8 1 4 5 6 12 10 0 2 11 9 13    True    1052142    398321    59
0 7 6 5 4 8 9 1 10 2 3 12 11 13    True    1567    591    27
9 12 11 0 7 1 2 3 8 6 5 4 10 13    True    46371    17185    44
7 2 0 3 4 8 1 6 5 9 10 12 11 13    True    42564    16588    44
