Instance    Solved    Time    Nodes-Expanded    Distance
-----------------------------------------------------------------------------
7 5 8 0 12 4 10 11 6 2 1 3 9 13    True    111174866    32650160    74
10 5 9 3 2 6 1 8 11 7 4 12 0 13    True    68861005    19806657    77
3 7 12 5 1 10 4 9 11 2 8 0 6 13    True    119428642    34398023    82
2 12 5 4 6 10 0 8 3 1 11 7 9 13    True    43398618    12732093    74
12 9 4 7 3 11 8 5 1 6 10 2 0 13    True    5086506    1449648    65
9 4 11 12 5 8 6 10 0 2 3 1 7 13    True    17963700    5240946    68
3 9 11 8 0 7 12 5 1 2 4 10 6 13    True    41782613    12093803    73
11 3 6 10 12 8 2 7 1 9 0 5 4 13    True    32141363    9445582    72
9 5 7 6 2 12 1 3 11 4 10 8 0 13    True    69730011    19980693    79
3 9 2 6 0 7 10 4 5 12 1 8 11 13    True    111618491    32659988    79