Instance    Solved    Time    Nodes-Expanded    Distance
-----------------------------------------------------------------------------
9 7 1 0 3 4 5 10 2 6 12 8 11 13    True    2530    708    10
4 5 6 3 10 11 1 7 8 9 2 12 0 13    True    7064    1650    10
4 9 10 1 5 8 11 12 2 3 7 6 0 13    True    90    21    8
9 5 3 11 10 6 0 4 7 1 2 12 8 13    True    1900    738    10
4 10 2 5 6 7 0 12 11 9 3 8 1 13    True    3364    1369    10
9 6 11 3 1 0 12 7 8 2 10 5 4 13    True    2773    1004    10
7 3 8 1 4 5 6 12 10 0 2 11 9 13    True    2496    636    10
0 7 6 5 4 8 9 1 10 2 3 12 11 13    True    17    6    6
9 12 11 0 7 1 2 3 8 6 5 4 10 13    True    21    8    8
7 2 0 3 4 8 1 6 5 9 10 12 11 13    True    42    10    8
