Instance    Solved    Time    Nodes-Expanded    Distance
-----------------------------------------------------------------------------
2 1 11 8 12 4 3 7 6 5 0 10 9 13    True    1324    412    10
6 10 12 5 4 8 7 0 9 3 1 11 2 13    True    84504    29050    12
8 11 0 2 4 1 12 6 9 3 5 7 10 13    True    111355    38750    12
3 6 11 8 5 12 7 0 9 1 4 2 10 13    True    43595    16046    12
5 7 12 6 0 3 9 8 1 2 10 4 11 13    True    7703    2840    11
7 4 12 11 0 3 8 9 2 6 1 10 5 13    True    11392    4356    11
3 6 12 2 8 1 7 5 9 0 4 11 10 13    True    1930    670    10
2 1 7 6 4 0 11 5 8 9 12 10 3 13    True    6283    2480    11
10 11 3 2 5 9 8 7 12 6 0 4 1 13    True    672    273    9
0 11 9 12 8 7 4 1 2 5 3 10 6 13    True    12491    4973    11
